100
2 3 2
1 1 1
2 1 2
3 2 3
64 2 64
47 1 47
4 3 4
98 7 98
4 29 4
73 1 73
1 31 1
3 1 3
88 8 88
1 47 1
69 4 69
93 1 93
18 14 18
17 8 17
30 10 30
46 10 46
24 1 24
26 5 26
8 2 8
16 6 16
11 6 11
100 2 100
100 4 100
15 13 15
10 5 10
60 8 60
36 1 36
2 4 2
63 5 63
24 5 24
25 3 25
14 10 14
1 94 1
4 4 4
100 3 100
69 9 69
34 9 34
80 8 80
10 1 10
1 2 1
67 6 67
80 7 80
83 5 83
3 37 3
9 9 9
46 3 46
14 7 14
1 4 1
6 1 6
2 27 2
4 14 4
100 9 100
2 2 2
1 6 1
4 21 4
58 1 58
100 1 100
98 3 98
35 6 35
26 6 26
86 1 86
54 7 54
69 1 69
1 52 1
1 29 1
1 3 1
18 4 18
91 5 91
1 69 1
49 3 49
1 100 1
88 6 88
4 1 4
57 6 57
2 59 2
41 8 41
3 4 3
87 5 87
97 7 97
1 19 1
4 18 4
34 4 34
60 1 60
53 5 53
53 10 53
22 11 22
71 3 71
3 3 3
2 55 2
100 6 100
5 17 5
35 9 35
10 18 10
4 2 4
2 40 2
52 8 52
